202
1174
1071
398
1443
1302
1969
906
1235
1756
503
37
18
1035
375
1051
268
305
921
1687
749
646
47
1520
1474
1999
1853
994
913
147
1475
415
627
55
128
1600
970
625
1313
119
355
1888
438
1253
269
1763
900
571
307
107
899
303
521
1031
1447
1420
1179
1219
761
1030
377
1849
718
1205
1137
803
1849
1559
1876
1278
275
333
1894
1508
1527
1820
1107
294
515
1831
249
418
697
489
450
1361
1248
296
266
1339
472
317
1458
1686
1418
1387
467
1986
705
1664
1424
601
1951
217
793
698
478
1648
1508
681
1250
1637
1026
1938
1562
1971
559
549
864
1389
1702
1171
527
926
1257
1076
275
938
1392
1520
353
526
1288
755
1551
1551
196
1929
1978
1031
1824
421
651
1153
1207
1570
1924
691
1960
1361
323
1161
1765
50
710
1220
363
1289
1599
1344
7
255
1693
1878
1698
378
75
493
352
578
374
1493
121
1382
1228
615
1431
861
1492
34
1466
613
661
1154
512
1422
746
500
1096
1225
412
992
385
1100
1432
358
388
1
48
816
1146
1645
1726
382
437
1079
1143
79
1604
796
1867
1165
983
942
777
1630
971
1395
1971
17
525
390
1118
1003
1900
1034
3
645
586
17
1742
134
162
1292
240
1333
1743
1034
1143
1065
1593
1009
199
1741
511
887
578
1627
1212
1920
719
473
1053
650
1679
1878
1512
1483
1016
576
540
1329
942
1464
1630
964
1997
915
1244
1559
389
194
949
976
796
1606
1745
763
607
1085
532
216
1505
84
1153
1331
1728
1679
1878
666
538
1677
841
1842
1856
648
1078
572
427
1896
6
407
1710
834
1214
970
1588
375
932
210
1465
880
235
1028
1945
1542
1522
1921
336
243
1465
880
532
1360
1366
355
580
1594
124
1263
1109
234
114
283
1478
777
1162
314
1199
1922
218
511
332
1876
449
1134
1345
413
30
935
1069
399
1086
1967
1860
637
1091
1770
1535
1801
1977
996
1495
751
609
1505
331
403
506
1566
1572
1205
732
1858
794
662
1453
776
1626
554
649
1818
1539
1160
1696
1747
1177
988
1712
149
1438
1150
539
1597
1697
733
1807
1553
406
496
290
1998
1572
33
1278
1195
1392
1423
983
333
90
1327
1455
1856
1708
871
1302
305
1855
1407
1469
1596
1868
1393
1917
287
1064
1726
1428
1274
1992
135
26
95
1129
888
96
1483
1189
954
128
784
1482
654
1952
1240
1826
568
530
766
299
511
1004
483
70
128
923
926
554
1244
1926
1912
113
1446
1371
1660
1825
1889
514
125
259
297
1876
1942
1072
531
1129
10
844
42
1594
1126
1124
327
681
1693
1232
780
1992
1719
1103
1425
242
1301
1700
1106
1279
950
760
172
283
912
61
1489
683
1671
344
1238
1233
1340
121
350
224
1761
107
1405
934
1331
1013
1217
1357
1008
1001
1276
116
1091
260
1753
1183
1170
930
381
1501
1343
513
1602
1901
1121
862
1435
1524
1990
386
1105
1634
1835
592
488
301
1258
1311
1884
1509
1060
965
1707
736
1345
474
1592
1750
995
1974
184
1661
1054
1761
1027
945
520
1040
1914
1859
1001
903
1225
1997
384
763
1617
1945
1813
687
1111
752
906
1456
78
379
794
1957
1941
786
1639
970
1223
1212
1916
222
1689
33
1298
333
1590
59
1241
1107
129
1585
1635
1471
1458
344
769
1532
340
1287
886
848
884
1568
982
1539
1830
146
156
822
776
651
1301
1445
1752
134
455
1862
1382
703
111
607
1901
1234
1527
1638
953
476
1980
963
1251
1201
1784
747
1677
219
337
768
1423
312
69
846
937
1730
534
1536
266
1262
1644
630
258
420
931
679
1359
1158
1619
681
1696
52
1019
1084
1835
1139
1152
1791
1398
423
1527
213
406
1881
1365
347
1250
1110
432
964
781
1845
165
1293
97
1951
92
66
1833
957
609
1953
492
1073
1888
175
40
792
1299
810
706
1898
15
217
404
523
1683
595
664
997
1981
1298
820
859
261
1916
493
1048
655
1588
698
779
121
1838
1088
1778
1968
1274
863
1760
39
1580
627
1271
974
322
1158
630
425
1533
1579
359
1413
1433
817
62
327
351
1178
177
81
581
314
1025
761
404
561
1688
376
1022
1670
1030
1328
276
1967
939
1812
232
1189
36
965
1191
1098
1233
578
1753
733
459
1262
410
1411
1932
1631
1495
322
551
1651
752
1602
1699
296
1594
67
932
902
968
142
356
1507
1830
1636
140
1985
1757
1168
1995
1269
348
1875
105
88
1724
653
644
1314
899
1325
1157
477
1324
833
1137
1597
1716
535
270
1801
1079
1065
1313
378
714
302
947
1768
1212
1208
761
1676
1795
1825
1581
1155
344
838
1641
1316
1892
1647
1832
233
72
674
1735
466
301
514
9
698
572
1991
1416
847
1885
1120
1243
151
523
331
328
1246
1737
705
1763
1974
1052
82
1988
855
1154
999
1513
238
1139
1190
1218
1250
469
898
1712
1945
1241
375
752
1086
46
946
1429
206
337
1375
1338
946
364
1493
941
741
767
539
1354
642
1462
904
502
1209
283
827
31
1628
571
395
10
50
1563
1867
1574
1583
837
914
74
1786
974
87
534
1882
392
868
1287
1403
1166
720
1155
1120
728
1724
541
1508
374
24
84
350
1390
225
799
1013
774
889
1857
849
1305
1007
1295
1818
699
1675
106
1001
433
510
302
47
1476
780
455
447
1889
1891
471
1434
1020
1367
958
1384
769
944
1911
203
384
890
1305
85
1191
1455
488
684
851
118
1831
361
695
1344
174
724
208
370
68
1891
1635
956
1775
258
240
1073
502
633
704
1409
1627
1296
867
1824
1422
1394
1565
1810
1495
716
903
864
419
1126
1531
861
1391
1721
1781
22
389
232
1218
461
1700
744
1009
1928
1269
882
1616
543
855
1086
1612
859
1585
436
1394
866
1260
991
1723
1578
1466
1372
248
1832
1775
608
933
994
638
1828
1531
1744
258
1621
1970
1525
1601
202
988
690
1819
509
1336
49
20
1175
1418
885
667
1779
1087
1768
1387
1654
1708
1649
1721
504
659
1179
14
842
352
1978
1751
720
1037
981
882
41
1866
1488
1788
107
1869
92
185
1134
203
901
755
480
82
153
524
578
668
795
85
1364
108
1183
170
1814
191
1498
1793
133
974
1926
972
1551
493
961
711
110
628
1952
714
425
873
117
1442
136
1467
1434
1099
876
1982
1840
1900
709
871
603
1304
672
1721
1566
1517
165
1835
1006
319
36
1832
977
1540
728
1591
1703
1871
1344
1691
1460
884
112
764
368
9
775
295
339
895
219
456
180
658
1555
822
77
551
967
1625
948
1866
96
812
1590
1121
1829
1749
1532
1722
1201
112
926
101
898
96
639
323
1334
141
332
1828
883
1955
254
272
324
1959
649
1083
1394
1987
1657
1556
189
293
1809
1244
1457
1821
1971
1117
413
1058
1544
1412
1970
602
1378
1998
732
1737
252
1389
410
859
875
447
337
1391
685
1528
794
58
1207
558
907
1429
1668
496
247
593
1565
1077
1987
307
283
856
958
1804
1359
1944
1645
1306
461
1720
712
589
130
425
241
1732
571
1129
1156
211
370
825
435
396
1797
779
633
763
1719
879
1921
249
770
877
1862
1658
671
1240
919
1528
1480
1508
611
1824
1208
184
68
1071
974
1560
606
1733
1757
1351
471
1995
345
1975
840
892
1416
335
1888
1571
1041
668
332
1239
335
531
976
1836
80
1015
1097
1488
657
958
1125
596
1892
27
1501
756
925
678
892
1570
40
491
1448
1479
1015
955
1592
1863
201
197
1354
1351
1309
1049
618
1008
718
676
28
110
917
908
1590
569
993
623
1484
1483
176
872
1520
339
107
1416
1375
235
1721
1786
1994
721
1613
419
1776
812
1518
1035
1900
1001
608
1414
1216
32
846
1329
1901
570
1481
1489
569
867
1684
756
574
1846
951
1615
1258
1887
253
1719
861
327
1952
1414
1534
954
1487
379
1370
659
252
79
499
578
1461
209
886
108
1091
902
254
936
537
127
603
1726
958
954
828
1683
22
532
369
989
1063
1196
32
42
860
1413
1411
1404
1547
1709
1694
1826
506
1874
239
1144
238
284
600
901
988
1957
1683
1047
1307
2
418
1857
465
1673
1166
1923
83
796
1748
1486
245
1605
1654
1030
470
1500
334
1864
1029
660
1326
556
286
937
1145
1412
535
882
1223
256
471
18
799
1360
1565
949
1585
18
137
297
1047
1413
668
1935
150
993
688
49
1672
1085
1255
1672
1514
1121
664
1624
1272
1331
1288
127
1742
1436
1179
1023
572
1289
137
74
948
1082
918
594
1514
1465
785
1782
1736
1149
1054
25
220
204
1148
235
1250
451
1790
